Filename latitude longitude altitude roll[deg] pitch[deg] yaw[deg] accLon accLat accAlt tT 
DSC00917.JPG 52.206900850 21.265737364 322.733612061 -0.74 -6.5 232.22 1 1 1 7:37:23.199
DSC00918.JPG 52.206559179 21.266156320 324.383697510 -22.31 7.71 152.8 1 1 1 7:37:25.419
DSC00919.JPG 52.206230273 21.266572288 324.764404297 2.83 7.22 139.47 1 1 1 7:37:27.619
DSC00920.JPG 52.205862503 21.266909951 324.658599854 9.25 3.86 151.94 1 1 1 7:37:29.819
DSC00921.JPG 52.205497983 21.267256607 325.079101563 -3.28 4.89 158.49 1 1 1 7:37:32.019
DSC00922.JPG 52.205129087 21.267607835 325.933807373 3.2 3.55 154.46 0.1 0.1 0.1 7:37:34.219
DSC00923.JPG 52.204753839 21.267942978 325.097198486 0.34 3.33 159.23 0.1 0.1 0.1 7:37:36.419
DSC00924.JPG 52.204372461 21.268295309 324.275390625 -1.43 4.73 158.18 0.1 0.1 0.1 7:37:38.619
DSC00925.JPG 52.203996587 21.268651186 324.541290283 0.52 5.76 155.57 0.1 0.1 0.1 7:37:40.819
DSC00926.JPG 52.203626783 21.268989870 324.561614990 0.65 5.61 154.36 0.1 0.1 0.1 7:37:43.019
DSC00927.JPG 52.203251732 21.269322783 325.316314697 2.82 5.52 160.18 0.1 0.1 0.1 7:37:45.219
DSC00928.JPG 52.202880564 21.269686801 327.151397705 -1.72 2.45 157.63 0.1 0.1 0.1 7:37:47.418
DSC00929.JPG 52.202501419 21.270055840 328.341094971 3.75 1.32 152.89 0.1 0.1 0.1 7:37:49.619
DSC00930.JPG 52.202126815 21.270381969 328.408294678 3.41 3.55 154.77 0.1 0.1 0.1 7:37:51.819
DSC00931.JPG 52.201751427 21.270714204 327.594604492 -1.09 -0.04 160.79 0.1 0.1 0.1 7:37:54.019
DSC00932.JPG 52.201378300 21.271064080 324.931396484 -0.2 2.47 156.11 0.1 0.1 0.1 7:37:56.219
DSC00933.JPG 52.200989027 21.271428867 321.726898193 1.43 1.85 153.59 0.1 0.1 0.1 7:37:58.419
DSC00934.JPG 52.200585118 21.271737402 319.569488525 -0.25 5.71 154.36 0.1 0.1 0.1 7:38:0.619
DSC00935.JPG 52.200238291 21.271407667 318.427398682 46.19 5.1 190.86 0.1 0.1 0.1 7:38:3.619
DSC00936.JPG 52.200549754 21.270997136 322.583709717 39.57 8.93 293.95 0.1 0.1 0.1 7:38:9.199
DSC00937.JPG 52.200924889 21.270672647 322.375000000 0.63 6.67 326.31 0.1 0.1 0.1 7:38:14.599
DSC00938.JPG 52.201294453 21.270328693 322.667297363 -0.09 7.77 323.56 0.1 0.1 0.1 7:38:19.799
DSC00939.JPG 52.201671376 21.269982707 322.320495605 -0.43 6.79 324.5 0.1 0.1 0.1 7:38:24.599
DSC00940.JPG 52.202038087 21.269642294 322.983093262 -1.33 7.44 324.8 0.1 0.1 0.1 7:38:28.999
DSC00941.JPG 52.202406404 21.269296510 324.747192383 -2.27 7.99 321.99 0.1 0.1 0.1 7:38:33.399
DSC00942.JPG 52.202776832 21.268956305 326.966308594 -1.78 6.01 325.03 0.1 0.1 0.1 7:38:37.999
DSC00943.JPG 52.203135933 21.268614749 325.993408203 -0.91 5.24 324.44 1 1 1 7:38:42.399
DSC00944.JPG 52.203505809 21.268297927 324.174591064 2.24 5.07 325.71 1 1 1 7:38:46.799
DSC00945.JPG 52.203876665 21.267931401 322.491699219 -3.04 6.28 325.45 1 1 1 7:38:51.199
DSC00946.JPG 52.204253178 21.267604670 323.538787842 2.17 6.97 323.85 1 1 1 7:38:55.399
DSC00947.JPG 52.204617683 21.267282387 326.501190186 -0.9 6.61 320.47 1 1 1 7:38:59.599
DSC00948.JPG 52.204976935 21.266916055 328.266510010 -5.55 2.51 313.16 1 1 1 7:39:3.799
DSC00949.JPG 52.205340172 21.266564372 325.891296387 1.34 3.23 319.96 1 1 1 7:39:8.199
DSC00950.JPG 52.205717163 21.266242611 325.873809814 7.03 2.63 314.08 1 1 1 7:39:12.599
DSC00951.JPG 52.206082694 21.265897678 322.623992920 -0.68 0.33 324.94 1 1 1 7:39:17.399
DSC00952.JPG 52.206425412 21.265513152 319.993408203 -0.76 1.24 319.59 1 1 1 7:39:21.999
DSC00953.JPG 52.206795933 21.265204160 320.874786377 6.51 6.27 318.55 1 1 1 7:39:26.219
DSC00954.JPG 52.206706441 21.264548719 322.965301514 -25.44 5.1 307.89 1 1 1 7:39:31.199
DSC00955.JPG 52.206315188 21.264707561 324.782501221 -41.25 4.39 214.11 1 1 1 7:39:33.819
DSC00956.JPG 52.205978127 21.265153144 325.207305908 -15.18 4.37 149.74 1 1 1 7:39:36.219
DSC00957.JPG 52.205595108 21.265542937 324.048797607 12 1.29 149.08 1 1 1 7:39:38.619
DSC00958.JPG 52.205190462 21.265876785 325.042816162 3.76 4.47 163.98 1 1 1 7:39:41.019
DSC00959.JPG 52.204822074 21.266232413 324.338714600 -5.69 3.43 155.44 1 1 1 7:39:43.220
DSC00960.JPG 52.204443928 21.266584848 322.174011230 1.84 3.69 155.83 1 1 1 7:39:45.419
DSC00961.JPG 52.204056272 21.266929830 321.397613525 2.1 4.27 156.03 1 1 1 7:39:47.619
DSC00962.JPG 52.203682465 21.267260677 321.329315186 -1.36 6.51 155.88 1 1 1 7:39:49.819
DSC00963.JPG 52.203316241 21.267611771 321.270416260 -3 6.22 155.33 1 1 1 7:39:52.019
DSC00964.JPG 52.202948760 21.267964175 321.410308838 1.12 6.69 154.28 1 1 1 7:39:54.219
DSC00965.JPG 52.202575966 21.268297959 321.201599121 2.46 5.94 158.76 1 1 1 7:39:56.419
DSC00966.JPG 52.202202374 21.268646714 321.528900146 -3.07 6.41 157.53 1 1 1 7:39:58.619
DSC00967.JPG 52.201823173 21.268990705 321.721191406 0.85 6.34 157.7 1 1 1 7:40:0.819
DSC00968.JPG 52.201446048 21.269335874 322.959594727 -1.41 5.7 156.53 1 1 1 7:40:3.019
DSC00969.JPG 52.201065898 21.269678242 323.766998291 0.45 5.51 157.51 1 1 1 7:40:5.219
DSC00970.JPG 52.200683760 21.270030266 324.568206787 -1.38 4.47 156.36 1 1 1 7:40:7.419
DSC00971.JPG 52.200298843 21.270378284 324.341308594 -0.85 4.78 155.72 1 1 1 7:40:9.619
DSC00972.JPG 52.199883660 21.270253518 322.496704102 36.83 3.88 169.33 1 1 1 7:40:12.419
DSC00973.JPG 52.200128636 21.269725821 324.417602539 45.18 5.36 268.26 1 1 1 7:40:17.799
DSC00974.JPG 52.200499984 21.269380568 325.185607910 4.43 1.71 318.59 1 1 1 7:40:22.599
DSC00975.JPG 52.200864831 21.269047783 322.298706055 -2.39 3.38 319.82 1 1 1 7:40:27.199
DSC00976.JPG 52.201223478 21.268701268 320.606994629 -1.81 5.09 319.02 1 1 1 7:40:31.799
DSC00977.JPG 52.201582714 21.268359997 322.461914063 3.69 6.32 319.57 1 1 1 7:40:36.599
DSC00978.JPG 52.201950762 21.268031537 320.252410889 3.39 6.33 314.88 1 1 1 7:40:41.199
DSC00979.JPG 52.202317005 21.267694122 321.920104980 -4.6 7.41 318.02 1 1 1 7:40:45.799
DSC00980.JPG 52.202687373 21.267338187 323.793212891 -2.41 6.55 311.68 1 1 1 7:40:50.599
DSC00981.JPG 52.203062427 21.266998644 324.471191406 1.46 4.64 318.06 1 1 1 7:40:55.199
DSC00982.JPG 52.203440611 21.266663266 326.251708984 -0.5 2.37 312.53 1 1 1 7:40:59.599
DSC00983.JPG 52.203800962 21.266308758 326.100097656 -2.5 2.62 317.78 1 1 1 7:41:3.819
DSC00984.JPG 52.204177265 21.265969331 323.429290771 3.55 3.74 318.24 1 1 1 7:41:8.199
DSC00985.JPG 52.204542501 21.265630608 322.939788818 -2.12 0.48 311.52 1 1 1 7:41:12.219
DSC00986.JPG 52.204908125 21.265307970 321.258087158 -4.05 1.88 310.7 1 1 1 7:41:16.599
DSC00987.JPG 52.205265454 21.264947695 320.620086670 -0.31 1.56 321.99 1 1 1 7:41:20.999
DSC00988.JPG 52.205626320 21.264622968 319.230102539 2.25 5.68 319.96 1 1 1 7:41:25.599
DSC00989.JPG 52.205992354 21.264230205 320.174102783 -3.38 5.43 314.83 1 1 1 7:41:29.999
DSC00990.JPG 52.206379402 21.263911426 324.215393066 3.9 5.88 320.54 1 1 1 7:41:34.279
DSC00991.JPG 52.206278304 21.263244566 323.732391357 -26.17 1.73 312.53 1 1 1 7:41:38.999
DSC00992.JPG 52.205852769 21.263420237 324.781890869 -40.94 1.48 209.62 1 1 1 7:41:41.620
DSC00993.JPG 52.205507905 21.263828018 323.146606445 -15.87 1.46 146.56 1 1 1 7:41:43.819
DSC00994.JPG 52.205139965 21.264246315 321.138702393 1.91 2.2 143.58 1 1 1 7:41:46.019
DSC00995.JPG 52.204758696 21.264631700 321.886688232 4.56 4.73 157.07 1 1 1 7:41:48.219
DSC00996.JPG 52.204386040 21.264966831 322.344604492 1.17 6.08 154.97 1 1 1 7:41:50.420
DSC00997.JPG 52.204020940 21.265291969 322.105010986 0.78 5.62 158.97 1 1 1 7:41:52.620
DSC00998.JPG 52.203650132 21.265616193 324.455810547 1.65 2.83 156.78 1 1 1 7:41:54.819
DSC00999.JPG 52.203267402 21.265954801 326.970611572 1.14 2.8 154.65 1 1 1 7:41:57.219
DSC01000.JPG 52.202883548 21.266298565 324.275909424 2.18 -2.51 155.51 1 1 1 7:41:59.619
DSC01001.JPG 52.202523615 21.266644020 323.735015869 -8.93 -3.18 149.81 1 1 1 7:42:1.820
DSC01002.JPG 52.202147404 21.267005815 322.014495850 -5.45 3.79 151.37 1 1 1 7:42:4.219
DSC01003.JPG 52.201778278 21.267349735 319.243988037 1.1 -1.33 156.4 1 1 1 7:42:6.420
DSC01004.JPG 52.201409566 21.267689721 318.760406494 -0.08 4.91 159.41 1 1 1 7:42:8.619
DSC01005.JPG 52.201037391 21.268026990 318.605407715 0.67 5.52 160.4 1 1 1 7:42:10.820
DSC01006.JPG 52.200667668 21.268382728 319.038513184 -2.59 6.02 158.77 1 1 1 7:42:13.019
DSC01007.JPG 52.200306958 21.268739538 320.320312500 0.56 6.27 156.95 1 1 1 7:42:15.220
DSC01008.JPG 52.199915674 21.269098295 321.041290283 2.97 5.86 157.92 1 1 1 7:42:17.620
DSC01009.JPG 52.200358579 21.286657591 322.336914063 -2.97 4.49 159.57 1 1 1 7:43:42.399
DSC01010.JPG 52.200320638 21.285881294 320.490692139 -8.28 3.55 272.14 1 1 1 7:43:47.200
DSC01011.JPG 52.200278021 21.285103025 323.571899414 -2.98 5.59 280.99 1 1 1 7:43:52.399
DSC01012.JPG 52.200236230 21.284293449 322.327911377 1.48 2.61 275.73 1 1 1 7:43:57.600
DSC01013.JPG 52.200178720 21.283499476 322.194488525 -2.71 1.48 278.64 1 1 1 7:44:2.399
DSC01014.JPG 52.200148195 21.282686806 322.664886475 -1.53 1.93 276.51 1 1 1 7:44:7.200
DSC01015.JPG 52.200097459 21.281903587 324.088592529 -2.61 1.04 272.46 1 1 1 7:44:11.600
DSC01016.JPG 52.200045490 21.281127130 325.418792725 -2.36 0.76 267 1 1 1 7:44:15.999
DSC01017.JPG 52.200007908 21.280349092 322.452789307 -1.18 0.83 273.79 1 1 1 7:44:20.600
DSC01018.JPG 52.199965464 21.279542558 322.488800049 0.04 0.23 272.56 1 1 1 7:44:25.400
DSC01019.JPG 52.199900574 21.278762672 321.872314453 1.27 0.08 269.96 1 1 1 7:44:30.159
DSC01020.JPG 52.199949966 21.278038580 318.604309082 3.45 1.41 274.31 1 1 1 7:44:35.360
DSC01021.JPG 52.200370522 21.277606500 319.949707031 12 3.17 312.3 1 1 1 7:44:40.200
DSC01022.JPG 52.200778448 21.277219897 323.524291992 -2.32 2.68 313.12 1 1 1 7:44:44.760
DSC01023.JPG 52.201194678 21.276858512 320.669708252 -4.4 -0.29 318.54 1 1 1 7:44:50.360
DSC01024.JPG 52.200834872 21.276411152 322.373107910 1 1.27 320.59 1 1 1 7:44:58.760
DSC01025.JPG 52.200434739 21.276949280 323.933502197 -18.05 4.21 143.19 1 1 1 7:45:1.420
DSC01026.JPG 52.200048021 21.277434172 322.748596191 4.55 -0.47 146.55 1 1 1 7:45:3.820
DSC01027.JPG 52.199668981 21.277947039 323.193298340 -1.01 2.01 144.34 1 1 1 7:45:6.220
DSC01028.JPG 52.199393114 21.278613122 325.054992676 7.88 3.72 145.33 1 1 1 7:45:8.820
DSC01029.JPG 52.199465804 21.279382326 325.906799316 -41.47 -2.25 83.83 1 1 1 7:45:11.620
DSC01030.JPG 52.199521591 21.280185780 324.470001221 9.89 -2.33 65.11 1 1 1 7:45:14.420
DSC01031.JPG 52.199560268 21.280998689 322.217803955 -3.18 -0.08 73.96 1 1 1 7:45:17.220
DSC01032.JPG 52.199601733 21.281795351 321.994903564 5.85 -0.01 71.88 1 1 1 7:45:19.820
DSC01033.JPG 52.199665547 21.282618170 325.717590332 -0.55 0.49 65.83 1 1 1 7:45:22.620
DSC01034.JPG 52.199711185 21.283419686 325.074188232 2.73 -1.8 75.72 1 1 1 7:45:25.420
DSC01035.JPG 52.199783841 21.284210742 323.755615234 -3.23 -1.28 63.18 1 1 1 7:45:28.220
DSC01036.JPG 52.199817122 21.285044301 324.134399414 15.49 -3.22 81.46 1 1 1 7:45:31.020
DSC01037.JPG 52.199874121 21.285874963 322.169586182 -4.65 -2.06 71.25 1 1 1 7:45:33.820
DSC01038.JPG 52.199800853 21.286665971 319.912292480 -0.1 -3.86 70.65 1 1 1 7:45:36.420
DSC01039.JPG 52.199386236 21.286949826 317.888793945 44 1.16 123.44 1 1 1 7:45:39.020
DSC01040.JPG 52.199304314 21.286231186 322.571105957 44.49 1 212.22 1 1 1 7:45:43.760
DSC01041.JPG 52.199348833 21.285450978 322.609100342 -13.23 0.58 287.4 1 1 1 7:45:48.560
DSC01042.JPG 52.199333915 21.284651169 324.306701660 4.53 -0.23 275.62 1 1 1 7:45:52.960
DSC01043.JPG 52.199282527 21.283873836 324.532409668 -5.71 -2.47 271.01 1 1 1 7:45:57.360
DSC01044.JPG 52.199241022 21.283077747 322.789215088 -1.91 -3.95 276.27 1 1 1 7:46:1.760
DSC01045.JPG 52.199204603 21.282276378 323.660491943 2.12 -2.34 276.87 1 1 1 7:46:5.960
DSC01046.JPG 52.199155865 21.281473576 321.240905762 1.79 -2.03 277.82 1 1 1 7:46:10.360
DSC01047.JPG 52.199102445 21.280680778 320.316802979 -0.43 -1.99 276.65 1 1 1 7:46:14.760
DSC01048.JPG 52.199072832 21.279891021 316.282104492 -3.73 0.15 282.12 1 1 1 7:46:19.560
DSC01049.JPG 52.199027067 21.279101710 317.624511719 -2.89 2.18 278.59 1 1 1 7:46:24.360
DSC01050.JPG 52.198841683 21.278362257 319.861694336 -1.78 2.02 278.29 1 1 1 7:46:28.760
DSC01051.JPG 52.198376448 21.278526309 321.514892578 -42.4 0.39 223.63 1 1 1 7:46:31.620
DSC01052.JPG 52.198328451 21.279254708 323.708709717 -46.8 -1.79 126.77 1 1 1 7:46:34.420
DSC01053.JPG 52.198596773 21.279891543 324.139709473 -31.39 -0.81 28.96 1 1 1 7:46:37.900
DSC01054.JPG 52.198656179 21.280726986 323.364013672 25.66 -0.71 52.86 1 1 1 7:46:40.820
DSC01055.JPG 52.198697702 21.281525578 322.208404541 -0.22 -1.1 67.52 1 1 1 7:46:43.500
DSC01056.JPG 52.198750391 21.282308280 320.516693115 -2.15 -0.07 62.8 1 1 1 7:46:46.220
DSC01057.JPG 52.198803878 21.283120368 319.231506348 -1.1 1.14 63.68 1 1 1 7:46:49.020
DSC01058.JPG 52.198858623 21.283939748 320.512603760 0.32 3.24 64.53 1 1 1 7:46:51.820
DSC01059.JPG 52.198900584 21.284729931 321.319793701 5.21 4.21 67.96 1 1 1 7:46:54.620
DSC01060.JPG 52.198945581 21.285503015 319.660308838 -10.7 0.83 65.9 1 1 1 7:46:57.420
DSC01061.JPG 52.190115151 21.277506588 322.718292236 0.33 0.32 67.7 1 1 1 7:48:42.960
DSC01062.JPG 52.190074220 21.278220014 321.566802979 19.01 2.58 90.64 1 1 1 7:48:45.180
DSC01063.JPG 52.190169843 21.278915575 320.493591309 -23.71 3.33 65.6 1 1 1 7:48:47.580
DSC01064.JPG 52.190241293 21.279626421 318.553314209 9.68 3.59 59.07 1 1 1 7:48:49.900
DSC01065.JPG 52.190272670 21.280322269 317.849792480 5.76 6.39 67.42 1 1 1 7:48:52.100
DSC01066.JPG 52.190474210 21.280885833 317.399993896 -24.46 6.92 69.99 1 1 1 7:48:54.820
DSC01067.JPG 52.190500549 21.280262630 320.474212646 -46.9 4.98 343.26 1 1 1 7:48:59.960
DSC01068.JPG 52.190585975 21.279571075 324.147613525 17.06 5.27 271.32 1 1 1 7:49:4.480
DSC01069.JPG 52.190659490 21.278893085 323.191192627 -0.73 3.06 290.31 1 1 1 7:49:8.960
DSC01070.JPG 52.190613225 21.278207931 322.008087158 -6.68 1.27 271.05 1 1 1 7:49:12.960
DSC01071.JPG 52.190574064 21.277510253 322.234008789 1.27 1.75 273.8 1 1 1 7:49:16.980
DSC01072.JPG 52.190547676 21.276833139 321.640289307 3.85 2.55 279.1 1 1 1 7:49:20.780
DSC01073.JPG 52.190540667 21.276151416 323.273315430 0.23 1.88 269.15 1 1 1 7:49:24.620
DSC01074.JPG 52.190624838 21.275484403 323.221893311 6.74 1.91 285.89 1 1 1 7:49:29.080
DSC01075.JPG 52.190696661 21.274804438 319.939208984 -2.89 0.1 289.07 1 1 1 7:49:33.300
DSC01076.JPG 52.190752818 21.274103697 320.853698730 -5.26 1.63 290.25 1 1 1 7:49:37.100
DSC01077.JPG 52.191130237 21.274002668 323.082305908 6.23 2.83 289.02 1 1 1 7:49:41.960
DSC01078.JPG 52.191055511 21.274665250 325.115112305 47.4 -0.15 54.16 1 1 1 7:49:44.380
DSC01079.JPG 52.190912439 21.275306816 328.356903076 2.68 0.15 108.82 1 1 1 7:49:46.780
DSC01080.JPG 52.190919736 21.275985649 325.406890869 -15.68 -3.67 82.26 1 1 1 7:49:49.381
DSC01081.JPG 52.190965340 21.276699280 322.525207520 1 -3.81 59.77 1 1 1 7:49:51.981
DSC01082.JPG 52.191000195 21.277377882 320.442291260 0.34 -1.22 66.81 1 1 1 7:49:54.380
DSC01083.JPG 52.191041641 21.278053272 317.315887451 1.44 1.17 65.76 1 1 1 7:49:56.780
DSC01084.JPG 52.191088381 21.278772621 315.666687012 -1.54 2.46 63.79 1 1 1 7:49:59.300
DSC01085.JPG 52.191136824 21.279517849 316.329498291 -0.25 4.42 60.72 1 1 1 7:50:1.900
DSC01086.JPG 52.191173987 21.280232186 317.789489746 5.15 5.31 65.29 1 1 1 7:50:4.380
DSC01087.JPG 52.191227498 21.280925299 317.856689453 -2.11 4.09 59.58 1 1 1 7:50:6.780
DSC01088.JPG 52.191332372 21.281618821 317.721893311 -0.67 2.54 57.95 1 1 1 7:50:9.300
DSC01089.JPG 52.191476299 21.280996793 321.435394287 -46.1 2.63 21.29 1 1 1 7:50:16.480
DSC01090.JPG 52.191563188 21.280314258 320.989593506 16.37 2.1 283.79 1 1 1 7:50:21.281
DSC01091.JPG 52.191599876 21.279632072 321.296386719 1.22 3.33 292.7 1 1 1 7:50:25.760
DSC01092.JPG 52.191554895 21.278915978 320.881713867 -3.32 2.8 275.54 1 1 1 7:50:30.080
DSC01093.JPG 52.191505605 21.278223295 320.514709473 -0.77 4.02 275.22 1 1 1 7:50:34.301
DSC01094.JPG 52.191467765 21.277488817 319.050903320 0.83 4.57 272.31 1 1 1 7:50:38.500
DSC01095.JPG 52.191428566 21.276768985 318.508087158 -0.55 5.03 275.54 1 1 1 7:50:42.301
DSC01096.JPG 52.191808581 21.276430187 320.464599609 29.9 4.48 279.14 1 1 1 7:50:46.580
DSC01097.JPG 52.192232086 21.276302731 322.220703125 -5.73 3.02 338.31 1 1 1 7:50:50.501
DSC01098.JPG 52.192657657 21.276229243 323.729309082 5.61 2.13 342.81 1 1 1 7:50:54.701
DSC01099.JPG 52.193084986 21.276214811 320.916290283 1.99 -1.07 339.59 1 1 1 7:50:59.281
DSC01100.JPG 52.193512757 21.276148711 320.306915283 -3.2 -1.06 342.35 1 1 1 7:51:3.881
DSC01101.JPG 52.193933798 21.276111403 318.528015137 0.21 2.03 334.77 1 1 1 7:51:8.481
DSC01102.JPG 52.194358054 21.276064080 316.279602051 -0.67 3.34 340.28 1 1 1 7:51:13.280
DSC01103.JPG 52.194781471 21.275995741 315.920288086 0.15 5.32 338.05 1 1 1 7:51:18.080
DSC01104.JPG 52.195218458 21.275921303 317.652404785 -2.01 4.54 338.27 1 1 1 7:51:22.880
DSC01105.JPG 52.195642922 21.275849269 317.548614502 1.32 4.95 339.52 1 1 1 7:51:27.481
DSC01106.JPG 52.196062119 21.275775018 318.159301758 0.32 5.41 336.87 1 1 1 7:51:32.160
DSC01107.JPG 52.196487393 21.275704465 319.297302246 -0.04 5.16 337.49 1 1 1 7:51:36.681
DSC01108.JPG 52.196905030 21.275634332 321.445800781 0.72 4.58 339.46 1 1 1 7:51:41.081
DSC01109.JPG 52.197323893 21.275545347 319.242706299 -2.8 2.7 338.09 1 1 1 7:51:45.681
DSC01110.JPG 52.197747155 21.275480830 318.969909668 2.62 4.33 343.24 1 1 1 7:51:50.080
DSC01111.JPG 52.198178101 21.275408451 317.617889404 2.75 4.55 339.35 1 1 1 7:51:54.481
DSC01112.JPG 52.198610976 21.275358763 318.436614990 0 6.17 342.53 1 1 1 7:51:59.081
DSC01113.JPG 52.199037839 21.275268306 318.788208008 0.37 5.81 339.32 1 1 1 7:52:3.880
DSC01114.JPG 52.199456363 21.275207058 319.706207275 1.48 4.16 338.33 1 1 1 7:52:8.481
DSC01115.JPG 52.199880703 21.275112920 318.664611816 -5.84 5.85 335.68 1 1 1 7:52:12.960
DSC01116.JPG 52.200296845 21.275048055 317.973297119 1.58 6.45 342.5 1 1 1 7:52:17.181
DSC01117.JPG 52.200541484 21.275563639 317.720611572 25.85 8.76 344.33 1 1 1 7:52:20.381
DSC01118.JPG 52.200276905 21.276045267 318.920989990 51.21 8.29 91.12 1 1 1 7:52:22.581
DSC01119.JPG 52.199875885 21.276199149 323.143402100 27.42 12.22 173.29 1 1 1 7:52:24.981
DSC01120.JPG 52.199446326 21.276418417 324.494201660 -7.42 8.38 170.86 1 1 1 7:52:27.501
DSC01121.JPG 52.199044906 21.276598921 325.584197998 5.5 1.14 172.52 1 1 1 7:52:29.701
DSC01122.JPG 52.198632958 21.276795228 326.168487549 -1.24 4.61 168.68 1 1 1 7:52:31.901
DSC01123.JPG 52.198219851 21.276992916 324.823913574 2.07 4.71 168.05 1 1 1 7:52:34.101
DSC01124.JPG 52.197807742 21.277184038 324.495391846 1.81 3.13 169.6 1 1 1 7:52:36.301
DSC01125.JPG 52.197396221 21.277380240 323.252990723 0.92 4.17 173.29 1 1 1 7:52:38.501
DSC01126.JPG 52.196993992 21.277581007 322.252197266 -0.05 2.06 170.59 1 1 1 7:52:40.581
DSC01127.JPG 52.196582979 21.277784693 322.421386719 0.57 3.18 167.76 1 1 1 7:52:42.701
DSC01128.JPG 52.196155800 21.277995002 321.464202881 -0.07 2.97 166.5 1 1 1 7:52:44.902
DSC01129.JPG 52.195727147 21.278198497 320.829711914 0.49 4.12 169.84 1 1 1 7:52:47.101
DSC01130.JPG 52.195324498 21.278399948 320.218994141 0.22 4.59 166.77 1 1 1 7:52:49.181
DSC01131.JPG 52.194913185 21.278591169 319.771087646 2.09 4.75 169.54 1 1 1 7:52:51.301
DSC01132.JPG 52.194488826 21.278784808 319.601196289 0.09 5.24 171.12 1 1 1 7:52:53.501
DSC01133.JPG 52.194068325 21.278992019 319.309295654 -2.45 5.34 169.97 1 1 1 7:52:55.701
DSC01134.JPG 52.193667039 21.279191622 318.897399902 -1.01 5.32 168.71 1 1 1 7:52:57.781
DSC01135.JPG 52.193216163 21.279394559 318.985412598 2.8 5.27 173.08 1 1 1 7:53:0.101
DSC01136.JPG 52.192787965 21.279594868 319.236297607 -1.83 5.87 168.6 1 1 1 7:53:2.301
DSC01137.JPG 52.192385981 21.279772519 320.140686035 0.54 5.87 173.38 1 1 1 7:53:4.381
DSC01138.JPG 52.191964568 21.279947674 319.906616211 1.43 6.03 173.76 1 1 1 7:53:6.581
DSC01139.JPG 52.191517358 21.279880571 317.547698975 7.33 6.8 171.64 1 1 1 7:53:9.101
DSC01140.JPG 52.191476027 21.279239695 321.222290039 46.23 6.91 241.61 1 1 1 7:53:12.961
DSC01141.JPG 52.191525176 21.278539534 322.187591553 -5.58 7.52 297.93 1 1 1 7:53:17.281
DSC01142.JPG 52.191496620 21.277861525 323.314514160 -5.98 6.16 285.19 1 1 1 7:53:21.081
DSC01143.JPG 52.191467036 21.277190792 323.679901123 0.87 3.8 281.24 1 1 1 7:53:24.761
DSC01144.JPG 52.191419394 21.276471024 323.023712158 -1.56 3.6 279.91 1 1 1 7:53:28.681
DSC01145.JPG 52.191388726 21.275764113 321.654693604 3.84 3.72 282.95 1 1 1 7:53:32.481
DSC01146.JPG 52.191343552 21.275078476 321.821105957 -2.27 4.37 280.83 1 1 1 7:53:36.081
DSC01147.JPG 52.191301097 21.274372324 322.028808594 1.15 3.52 279.25 1 1 1 7:53:39.681
DSC01148.JPG 52.191268321 21.273659347 323.064208984 1.5 2.83 278.65 1 1 1 7:53:43.281
DSC01149.JPG 52.191237710 21.272956422 322.584594727 -0.72 2.01 282.29 1 1 1 7:53:46.901
DSC01150.JPG 52.191201069 21.272284337 321.743011475 -0.78 1.89 278.41 1 1 1 7:53:50.381
DSC01151.JPG 52.191223157 21.271639659 320.504608154 -1.4 1.82 276.35 1 1 1 7:53:53.781
DSC01152.JPG 52.191538993 21.272029180 321.618988037 44.2 1.46 322.53 1 1 1 7:53:57.781
DSC01153.JPG 52.191501732 21.272695899 324.457489014 25.9 5.2 78.14 1 1 1 7:54:0.381
DSC01154.JPG 52.191617654 21.273379714 322.411102295 -19.9 2.05 57.87 1 1 1 7:54:3.501
DSC01155.JPG 52.191751764 21.274077849 321.198486328 3.55 -0.01 48.33 1 1 1 7:54:6.501
DSC01156.JPG 52.191815269 21.274791468 320.985595703 5.92 2.69 49.24 1 1 1 7:54:9.301
DSC01157.JPG 52.191824778 21.275475775 320.362915039 6.85 3.18 67.33 1 1 1 7:54:11.901
DSC01158.JPG 52.191859854 21.276199346 319.662689209 -2.63 2.86 62.69 1 1 1 7:54:14.701
DSC01159.JPG 52.191879689 21.276906573 320.276702881 3.45 3.01 65.55 1 1 1 7:54:17.381
DSC01160.JPG 52.191925592 21.277627266 318.584411621 -3.05 2.68 66.95 1 1 1 7:54:20.101
DSC01161.JPG 52.191984754 21.278297248 316.938995361 -6.43 3.63 53.89 1 1 1 7:54:22.581
DSC01162.JPG 52.192015891 21.278976233 315.683105469 5.09 6.08 64.47 1 1 1 7:54:24.981
DSC01163.JPG 52.192040231 21.279647141 317.047607422 0.35 8.33 62.91 1 1 1 7:54:27.381
DSC01164.JPG 52.192077016 21.280374587 319.568115234 -4.72 6.32 64.91 1 1 1 7:54:30.101
DSC01165.JPG 52.192322817 21.280928089 321.537292480 -7.51 5.04 64.85 1 1 1 7:54:33.501
DSC01166.JPG 52.192530425 21.280337384 324.261596680 -41.98 2.61 338.83 1 1 1 7:54:38.281
DSC01167.JPG 52.192507694 21.279654160 324.672393799 -9.21 1.5 285.8 1 1 1 7:54:41.901
DSC01168.JPG 52.192453605 21.278973898 326.494689941 -0.45 1.35 283.51 1 1 1 7:54:45.301
DSC01169.JPG 52.192423279 21.278284558 326.856109619 8.2 0.24 280.11 1 1 1 7:54:48.881
DSC01170.JPG 52.192391490 21.277590623 322.472900391 -2.19 -3.44 283.23 1 1 1 7:54:52.501
DSC01171.JPG 52.192352562 21.276887709 320.638702393 -1.79 -0.49 282.36 1 1 1 7:54:56.081
DSC01172.JPG 52.192314517 21.276187118 317.732910156 8.54 1.28 280.49 1 1 1 7:54:59.701
DSC01173.JPG 52.192270242 21.275511291 316.527191162 0.85 3.33 278 1 1 1 7:55:3.101
DSC01174.JPG 52.192221469 21.274829899 318.365509033 -1.45 4.16 279.06 1 1 1 7:55:6.501
DSC01175.JPG 52.192275739 21.274151961 317.949310303 -1.28 3.72 276.77 1 1 1 7:55:10.381
DSC01176.JPG 52.192563771 21.274629080 319.699188232 39.45 6.03 334.99 1 1 1 7:55:14.181
DSC01177.JPG 52.192639354 21.275300702 322.837890625 12.54 7.17 61.75 1 1 1 7:55:17.101
DSC01178.JPG 52.192790174 21.275951667 323.637603760 -9.89 2.28 45.58 1 1 1 7:55:20.301
DSC01179.JPG 52.192807061 21.276668116 324.174896240 17.82 0.92 54.5 1 1 1 7:55:23.101
DSC01180.JPG 52.192789237 21.277336221 324.930389404 -1.48 1.19 67.43 1 1 1 7:55:25.781
DSC01181.JPG 52.192843356 21.278060096 322.626190186 -8.25 -0.72 56.67 1 1 1 7:55:28.901
DSC01182.JPG 52.192892745 21.278765032 320.417297363 4.92 0.62 50.77 1 1 1 7:55:31.902
DSC01183.JPG 52.192951779 21.279450386 318.923492432 1.94 0.58 50.83 1 1 1 7:55:34.701
DSC01184.JPG 52.192987399 21.280157740 317.769104004 5.67 2.84 54.9 1 1 1 7:55:37.501
DSC01185.JPG 52.193027388 21.280836815 318.824798584 -1.55 2.87 56.78 1 1 1 7:55:40.101
DSC01186.JPG 52.193069548 21.281515464 319.068908691 1.46 4.7 61.06 1 1 1 7:55:42.701
DSC01187.JPG 52.193105321 21.282212449 317.577209473 5.81 3.43 48.59 1 1 1 7:55:45.301
DSC01188.JPG 52.193118973 21.282885636 318.507415771 7.48 5.05 62.4 1 1 1 7:55:47.701
DSC01189.JPG 52.193419045 21.282342942 321.993896484 -25.23 8.04 68.96 1 1 1 7:55:56.961
DSC01190.JPG 52.193531418 21.281681157 322.122711182 8.64 1.62 295.16 1 1 1 7:56:0.981
DSC01191.JPG 52.193488146 21.280998407 323.065216064 -13.77 0.77 292.06 1 1 1 7:56:4.581
DSC01192.JPG 52.193439554 21.280307338 322.786010742 4.75 0.75 283.43 1 1 1 7:56:8.381
DSC01193.JPG 52.193398691 21.279641623 321.457611084 2 1.24 285.11 1 1 1 7:56:12.101
DSC01194.JPG 52.193361960 21.278933202 319.729400635 1.17 1.88 281.96 1 1 1 7:56:15.901
DSC01195.JPG 52.193323839 21.278232082 319.975891113 3.27 0.84 285.73 1 1 1 7:56:19.701
DSC01196.JPG 52.193271987 21.277546368 320.757415771 3.11 3.58 288.36 1 1 1 7:56:23.701
DSC01197.JPG 52.193230200 21.276840323 318.495208740 2.4 3.19 281.01 1 1 1 7:56:27.701
DSC01198.JPG 52.193217338 21.276149294 320.493286133 1.14 3.75 274.08 1 1 1 7:56:31.501
DSC01199.JPG 52.193171918 21.275459563 324.607208252 -4.91 1.13 274.32 1 1 1 7:56:35.301
DSC01200.JPG 52.193144524 21.274764718 325.576995850 7.27 -0.62 275.05 1 1 1 7:56:39.502
DSC01201.JPG 52.193479389 21.274362797 331.758300781 8 -4.51 277.14 1 1 1 7:56:44.361
DSC01202.JPG 52.193907162 21.274323846 326.190887451 6.01 -1.1 333.95 1 1 1 7:56:48.761
DSC01203.JPG 52.194343736 21.274261948 322.838714600 -0.72 -2.19 332.63 1 1 1 7:56:52.981
DSC01204.JPG 52.194789918 21.274278445 323.607788086 6.15 1.25 342 1 1 1 7:56:56.781
DSC01205.JPG 52.195202581 21.274277783 324.218200684 0.11 2.56 337.62 1 1 1 7:57:0.181
DSC01206.JPG 52.195616298 21.274282368 323.385803223 0.17 3.82 341.79 1 1 1 7:57:3.781
DSC01207.JPG 52.196006033 21.274512894 317.961914063 -0.97 4.3 336.56 1 1 1 7:57:7.161
DSC01208.JPG 52.195980014 21.275218667 316.826416016 44.75 0.49 49.11 1 1 1 7:57:9.581
DSC01209.JPG 52.195611372 21.275471976 319.503814697 47.78 6.73 131.79 1 1 1 7:57:11.981
DSC01210.JPG 52.195196471 21.275360447 318.647705078 24.92 5.53 204.04 1 1 1 7:57:14.981
DSC01211.JPG 52.194784869 21.275284916 320.488494873 -0.66 5.29 206.45 1 1 1 7:57:17.781
DSC01212.JPG 52.194350520 21.275197389 321.393188477 0.25 6.38 201.49 1 1 1 7:57:20.581
DSC01213.JPG 52.193917711 21.275059350 320.501312256 3.13 6.33 202.08 1 1 1 7:57:23.381
DSC01214.JPG 52.193515487 21.275225451 320.050109863 -24.28 7.39 212.55 1 1 1 7:57:25.781
DSC01215.JPG 52.193383954 21.275811773 321.352691650 -48.4 4.19 130.16 1 1 1 7:57:27.902
DSC01216.JPG 52.193565409 21.276425549 323.972900391 -44.38 5.27 67.25 1 1 1 7:57:30.501
DSC01217.JPG 52.193721851 21.277101177 326.769989014 15.15 8.35 37.96 1 1 1 7:57:33.102
DSC01218.JPG 52.193771483 21.277771929 327.568786621 14.16 4.97 62.24 1 1 1 7:57:35.381
DSC01219.JPG 52.193826283 21.278502708 324.449310303 -4.05 0.61 62.44 1 1 1 7:57:37.781
DSC01220.JPG 52.193848244 21.279212537 322.180389404 10.56 2.22 72.55 1 1 1 7:57:39.982
DSC01221.JPG 52.194163647 21.279609519 320.027496338 -42.41 0.41 56.9 1 1 1 7:57:43.382
DSC01222.JPG 52.194054873 21.278976018 322.653411865 -42.87 3.12 301.6 1 1 1 7:57:48.162
DSC01223.JPG 52.194114012 21.278296069 322.102386475 17.17 3.02 268.57 1 1 1 7:57:52.561
DSC01224.JPG 52.194204200 21.277623519 318.397399902 -3.4 3.09 285.93 1 1 1 7:57:56.781
DSC01225.JPG 52.194164092 21.276944440 319.644897461 -12.98 3.97 277.36 1 1 1 7:58:0.782
DSC01226.JPG 52.194116205 21.276257474 320.595703125 -1.44 3.71 272.95 1 1 1 7:58:4.682
DSC01227.JPG 52.194078787 21.275586035 326.535491943 2.71 3.76 266.77 1 1 1 7:58:9.081
DSC01228.JPG 52.194045187 21.274880537 325.996704102 3.05 -4.42 260.77 1 1 1 7:58:13.481
DSC01229.JPG 52.194020100 21.274186818 326.356201172 -2.49 -3.1 264.43 1 1 1 7:58:17.702
DSC01230.JPG 52.193972950 21.273503617 320.191101074 -1.6 -4.55 270.85 1 1 1 7:58:21.901
DSC01231.JPG 52.194367354 21.273378240 315.509613037 2.57 0.38 273.71 1 1 1 7:58:27.161
DSC01232.JPG 52.194552419 21.274040126 318.230895996 31.92 5.98 42.69 1 1 1 7:58:29.782
DSC01233.JPG 52.194605574 21.274716267 317.828186035 24.67 3.84 52.25 1 1 1 7:58:31.982
DSC01234.JPG 52.194583267 21.275404297 318.574310303 11.25 5.51 87.69 1 1 1 7:58:34.101
DSC01235.JPG 52.194588173 21.276091442 318.378906250 -7.27 5.26 85.76 1 1 1 7:58:36.301
DSC01236.JPG 52.194619839 21.276781418 318.391906738 -3.79 4.44 80.44 1 1 1 7:58:38.501
DSC01237.JPG 52.194649198 21.277480153 321.161102295 1.39 3.74 75.43 1 1 1 7:58:40.701
DSC01238.JPG 52.194665787 21.278172091 321.462615967 1.81 7.96 80.67 1 1 1 7:58:42.902
DSC01239.JPG 52.194762686 21.278815362 325.490112305 -0.98 5.37 79.76 1 1 1 7:58:45.302
DSC01240.JPG 52.195007585 21.278305863 327.752899170 -45.69 -1.88 26.79 1 1 1 7:58:51.881
DSC01241.JPG 52.194989990 21.277607096 321.634490967 3.81 -3.37 253.4 1 1 1 7:58:56.302
DSC01242.JPG 52.195073573 21.276922511 319.953613281 3.24 -1.09 276.96 1 1 1 7:59:0.702
DSC01243.JPG 52.195018845 21.276259740 320.852691650 -9.54 -1.71 267.45 1 1 1 7:59:5.082
DSC01244.JPG 52.194977068 21.275568609 320.415893555 3.82 -2.32 266.85 1 1 1 7:59:9.282
DSC01245.JPG 52.194932819 21.274875044 317.089813232 -4.06 -0.71 271.01 1 1 1 7:59:13.682
DSC01246.JPG 52.194901058 21.274199378 318.333312988 0.9 2.01 272.8 1 1 1 7:59:18.282
DSC01247.JPG 52.194861601 21.273517087 320.480590820 1.89 2.1 271.76 1 1 1 7:59:23.281
DSC01248.JPG 52.194836584 21.272839302 323.791290283 -0.4 -0.4 268.09 1 1 1 7:59:27.882
DSC01249.JPG 52.194985419 21.272195849 324.180694580 6.45 -2.73 281.26 1 1 1 7:59:33.082
DSC01250.JPG 52.195305352 21.272593743 324.292907715 39.6 -2.09 334.03 1 1 1 7:59:36.182
DSC01251.JPG 52.195416318 21.273248230 325.491516113 20.94 0.91 52.25 1 1 1 7:59:38.782
DSC01252.JPG 52.195440195 21.273910522 324.053710938 25.47 -5.14 55.15 1 1 1 7:59:41.101
DSC01253.JPG 52.195419885 21.274634422 323.213897705 4.95 -4.34 81.48 1 1 1 7:59:43.502
DSC01254.JPG 52.195420030 21.275333814 323.371490479 -2.75 -2.39 80.63 1 1 1 7:59:45.902
DSC01255.JPG 52.195442214 21.276020524 321.395507813 -4.01 -3.48 77.06 1 1 1 7:59:48.302
DSC01256.JPG 52.195480208 21.276728517 317.757598877 -1.9 -3.56 71.03 1 1 1 7:59:50.702
DSC01257.JPG 52.195525695 21.277398844 317.146209717 -0.68 -0.52 66.78 1 1 1 7:59:52.902
DSC01258.JPG 52.195603197 21.278107690 319.674102783 -1.49 1.84 65.78 1 1 1 7:59:55.302
DSC01259.JPG 52.195973151 21.278411955 322.915588379 -45.33 -1.97 43.24 1 1 1 7:59:58.702
DSC01260.JPG 52.195910531 21.277754883 322.629302979 -37.01 -5.1 301.31 1 1 1 8:0:3.482
DSC01261.JPG 52.195869860 21.277048879 318.729888916 5.13 -2.71 261.4 1 1 1 8:0:7.902
DSC01262.JPG 52.195946654 21.276366131 318.822692871 1.73 -0.83 280.2 1 1 1 8:0:12.082
DSC01263.JPG 52.195871295 21.275707044 319.472106934 -12.68 0.7 273.21 1 1 1 8:0:15.682
DSC01264.JPG 52.195833369 21.275018839 320.008514404 8.33 2.5 272.28 1 1 1 8:0:19.482
DSC01265.JPG 52.195807500 21.274340246 319.633789063 3.27 2.67 275.99 1 1 1 8:0:23.482
DSC01266.JPG 52.195775375 21.273659906 319.221893311 -1.83 2.14 276.41 1 1 1 8:0:27.482
DSC01267.JPG 52.195736527 21.272980256 318.805511475 0.19 2.97 277.08 1 1 1 8:0:31.282
DSC01268.JPG 52.195699721 21.272297420 318.987396240 3.08 4.54 277.76 1 1 1 8:0:34.902
DSC01269.JPG 52.195647916 21.271587821 322.647308350 -8.73 2.33 262.35 1 1 1 8:0:38.502
DSC01270.JPG 52.195678543 21.270898619 325.960388184 11.57 1.02 276.45 1 1 1 8:0:41.902
DSC01271.JPG 52.195717052 21.270213079 327.980194092 1.15 0.89 276.73 1 1 1 8:0:45.302
DSC01272.JPG 52.195730966 21.269536898 329.340911865 -1.07 -0.56 284.12 1 1 1 8:0:48.902
DSC01273.JPG 52.195729740 21.268826259 329.697601318 -2.09 -7.24 274.58 1 1 1 8:0:52.502
DSC01274.JPG 52.195783958 21.268132049 330.626190186 7.14 -5.74 284.02 1 1 1 8:0:56.302
DSC01275.JPG 52.195784271 21.267445316 326.181915283 -3.41 -3.49 280.35 1 1 1 8:1:0.502
DSC01276.JPG 52.195817719 21.266773285 320.835998535 2.58 -7.31 275.98 1 1 1 8:1:4.702
DSC01277.JPG 52.196171695 21.266452845 314.752716064 0.01 -1.93 274.26 1 1 1 8:1:9.762
DSC01278.JPG 52.196274842 21.267117982 316.012512207 46.85 3.4 28.25 1 1 1 8:1:12.182
DSC01279.JPG 52.196094129 21.267691671 319.379486084 37.99 3.76 111.98 1 1 1 8:1:14.302
DSC01280.JPG 52.195986244 21.268348389 321.583007813 -19.49 2.39 117.3 1 1 1 8:1:16.502
DSC01281.JPG 52.195994151 21.269030886 326.059997559 -16.57 0.71 86.06 1 1 1 8:1:18.702
DSC01282.JPG 52.196000793 21.269716431 330.145202637 8.92 -0.03 87.97 1 1 1 8:1:21.102
DSC01283.JPG 52.196108880 21.270375972 329.489898682 -10.13 -6.25 72.01 1 1 1 8:1:23.702
DSC01284.JPG 52.196512440 21.270681737 330.134094238 -37.2 1.01 23.75 1 1 1 8:1:27.302
DSC01285.JPG 52.196900170 21.270967229 328.780487061 4.36 -1.47 7.71 1 1 1 8:1:30.642
DSC01286.JPG 52.197295755 21.271206151 326.368988037 -3.93 -0.61 5.29 1 1 1 8:1:34.042
DSC01287.JPG 52.197712785 21.271418417 325.994506836 -0.65 -0.93 355.36 1 1 1 8:1:37.442
DSC01288.JPG 52.198107463 21.271614343 329.486694336 0.26 2.02 353.71 1 1 1 8:1:40.842
DSC01289.JPG 52.198509037 21.271816190 330.211914063 -1.51 -3.36 2.19 1 1 1 8:1:44.042
DSC01290.JPG 52.198915149 21.272033298 329.008209229 6.69 1.31 357.4 1 1 1 8:1:47.282
DSC01291.JPG 52.199321266 21.272256762 326.331695557 0.64 -0.53 357.79 1 1 1 8:1:50.302
DSC01292.JPG 52.199719101 21.272469212 327.567413330 3.34 2.65 357.28 1 1 1 8:1:53.302
DSC01293.JPG 52.199756344 21.271799181 324.905303955 1.26 2.77 350.58 1 1 1 8:2:1.442
DSC01294.JPG 52.199443472 21.271343764 324.004089355 3.66 1.34 242.27 1 1 1 8:2:5.042
DSC01295.JPG 52.199138105 21.270877998 324.956298828 -0.2 3.3 239.58 1 1 1 8:2:8.642
DSC01296.JPG 52.198808199 21.270408045 326.954498291 -5.04 1.82 233.21 1 1 1 8:2:12.242
DSC01297.JPG 52.198481061 21.269936512 325.288909912 5.46 3.7 241.6 1 1 1 8:2:15.902
DSC01298.JPG 52.198163342 21.269518783 323.990997314 0.56 4.05 233.38 1 1 1 8:2:19.442
DSC01299.JPG 52.197818947 21.269096059 321.619689941 -2.27 2.71 224.42 1 1 1 8:2:22.902
DSC01300.JPG 52.197489592 21.268648601 321.732391357 4.7 5.16 226.75 1 1 1 8:2:26.302
DSC01301.JPG 52.197165331 21.268187508 327.455200195 2.33 3.49 224.48 1 1 1 8:2:29.502
DSC01302.JPG 52.196852200 21.267683997 329.339813232 10.94 0.83 230.33 1 1 1 8:2:32.702
DSC01303.JPG 52.196545201 21.267242059 329.415191650 -8.74 -4.68 225.56 1 1 1 8:2:35.902
DSC01304.JPG 52.196223070 21.266764449 321.678100586 -2.55 -4.16 239.82 1 1 1 8:2:39.502
DSC01305.JPG 52.195885384 21.266384864 321.528289795 2.61 1.01 239.5 1 1 1 8:2:42.762
DSC01306.JPG 52.195526852 21.266675461 322.051208496 -44.39 1.46 198.24 1 1 1 8:2:45.182
DSC01307.JPG 52.195507786 21.267328639 325.963989258 -45.13 1.59 123.24 1 1 1 8:2:47.502
DSC01308.JPG 52.195806039 21.267821211 327.963287354 -37.1 4.87 37.99 1 1 1 8:2:50.502
DSC01309.JPG 52.195986141 21.268492387 322.371002197 21.62 -1.34 27.99 1 1 1 8:2:53.102
DSC01310.JPG 52.196007813 21.269196960 322.261291504 16.82 2.11 70.82 1 1 1 8:2:55.302
DSC01311.JPG 52.196030212 21.269897045 322.196289063 0.24 3.31 79.3 1 1 1 8:2:57.502
DSC01312.JPG 52.196077707 21.270595380 323.084991455 0.16 2.2 68.96 1 1 1 8:2:59.702
DSC01313.JPG 52.196102985 21.271298121 323.727691650 2.64 2.25 73.82 1 1 1 8:3:2.102
DSC01314.JPG 52.196127987 21.271996536 320.883911133 -0.48 0.86 73.98 1 1 1 8:3:4.502
DSC01315.JPG 52.196174602 21.272699191 322.133087158 -1.48 4.42 73.06 1 1 1 8:3:6.902
DSC01316.JPG 52.196221478 21.273400309 324.284088135 -3.21 0.24 71.42 1 1 1 8:3:9.302
DSC01317.JPG 52.196245120 21.274079974 325.623901367 2.71 -0.06 81.23 1 1 1 8:3:11.702
DSC01318.JPG 52.196279257 21.274778128 327.333099365 -1.81 -3.11 71.63 1 1 1 8:3:14.302
DSC01319.JPG 52.196309065 21.275459453 326.678802490 4.76 -5.59 69.88 1 1 1 8:3:16.902
DSC01320.JPG 52.196338091 21.276153969 325.752807617 2.61 -4.28 70.83 1 1 1 8:3:19.502
DSC01321.JPG 52.196374481 21.276828963 325.721496582 -2.12 -2.99 72.99 1 1 1 8:3:22.102
DSC01322.JPG 52.196532338 21.277477423 324.046905518 2.26 -3.82 66.68 1 1 1 8:3:25.102
DSC01323.JPG 52.196906855 21.277220500 321.626586914 -24.26 -5.39 16 1 1 1 8:3:30.242
DSC01324.JPG 52.196836688 21.276531612 319.318511963 -15.64 -5.12 275.64 1 1 1 8:3:34.502
DSC01325.JPG 52.196802630 21.275833149 318.225097656 -2.83 -1.87 265.72 1 1 1 8:3:38.702
DSC01326.JPG 52.196754664 21.275133644 318.231414795 0.45 -0.42 268.38 1 1 1 8:3:42.902
DSC01327.JPG 52.196711116 21.274435203 319.971313477 2.93 2.75 261.09 1 1 1 8:3:47.102
DSC01328.JPG 52.196675487 21.273747782 322.731689453 1.88 -0.42 260.78 1 1 1 8:3:50.902
DSC01329.JPG 52.196643533 21.273074092 326.725708008 -2.7 -0.98 254.89 1 1 1 8:3:54.902
DSC01330.JPG 52.196596516 21.272376196 326.040100098 -1.56 -3.84 272.82 1 1 1 8:3:59.102
DSC01331.JPG 52.196576485 21.271699752 321.494201660 8.77 -3.54 266.88 1 1 1 8:4:3.302
DSC01332.JPG 52.196520192 21.271029153 318.025787354 -6.76 -1.98 267.82 1 1 1 8:4:7.502
DSC01333.JPG 52.196498458 21.270339222 317.471893311 3.43 0.3 273.39 1 1 1 8:4:12.042
DSC01334.JPG 52.196488493 21.269636897 319.830688477 -2.02 1.24 269.29 1 1 1 8:4:16.642
DSC01335.JPG 52.196443648 21.268966482 320.149688721 -3.91 -0.22 274.52 1 1 1 8:4:20.642
DSC01336.JPG 52.196396637 21.268276394 317.922088623 1.91 3.36 268.71 1 1 1 8:4:25.242
DSC01337.JPG 52.196348739 21.267571761 318.296112061 -0.73 3.7 268.71 1 1 1 8:4:29.842
DSC01338.JPG 52.196303931 21.266903539 316.799896240 -4.02 4.94 270.53 1 1 1 8:4:34.242
DSC01339.JPG 52.196252967 21.266229120 322.340789795 -1.37 4.9 274.61 1 1 1 8:4:38.642
DSC01340.JPG 52.196203472 21.265540632 324.337615967 4.04 5.58 267.81 1 1 1 8:4:44.242
DSC01341.JPG 52.196199351 21.264845559 321.041107178 6.68 0.99 278.26 1 1 1 8:4:49.242
DSC01342.JPG 52.196178996 21.264163207 320.842010498 2.61 5.43 277.81 1 1 1 8:4:54.042
DSC01343.JPG 52.196179493 21.263487138 321.586791992 -0.59 6.77 275.41 1 1 1 8:4:59.442
DSC01344.JPG 52.196559287 21.263209598 321.158599854 17.83 4.26 297.63 1 1 1 8:5:4.842
DSC01345.JPG 52.196793738 21.263793800 320.607910156 37.58 3.69 351.43 1 1 1 8:5:7.582
DSC01346.JPG 52.196734706 21.264460302 323.236206055 39.69 5.88 71.55 1 1 1 8:5:9.583
DSC01347.JPG 52.196660246 21.265154474 325.038787842 -6.04 8.45 95.04 1 1 1 8:5:11.783
DSC01348.JPG 52.196655946 21.265840531 324.371093750 -10.15 3.74 87.58 1 1 1 8:5:13.983
DSC01349.JPG 52.196711973 21.266540977 324.554687500 -6.02 2.18 70.54 1 1 1 8:5:16.382
DSC01350.JPG 52.196768408 21.267209871 322.760009766 2.17 2.42 69.07 1 1 1 8:5:18.703
DSC01351.JPG 52.196804320 21.267879314 321.425506592 1.84 3.72 72.71 1 1 1 8:5:21.062
DSC01352.JPG 52.196833739 21.268602530 322.566009521 -1.9 1.82 68.34 1 1 1 8:5:23.663
DSC01353.JPG 52.196881572 21.269313995 322.203704834 -2.96 5.53 72.62 1 1 1 8:5:26.302
DSC01354.JPG 52.196941129 21.270024369 324.213897705 -1.52 2.64 62 1 1 1 8:5:28.863
DSC01355.JPG 52.196976548 21.270721824 325.809814453 6.58 2.27 72.66 1 1 1 8:5:31.262
DSC01356.JPG 52.197022125 21.271447658 327.171691895 -0.49 -1.54 72.45 1 1 1 8:5:33.662
DSC01357.JPG 52.197076647 21.272169127 328.215698242 -2.49 -1.86 62.41 1 1 1 8:5:36.062
DSC01358.JPG 52.197086953 21.272885005 329.389495850 4.95 1.05 70.45 1 1 1 8:5:38.462
DSC01359.JPG 52.197098600 21.273572889 331.510894775 -2.01 -4.22 77.03 1 1 1 8:5:40.862
DSC01360.JPG 52.197143002 21.274290334 333.309692383 -1.24 -5.75 77 1 1 1 8:5:43.463
DSC01361.JPG 52.197184624 21.275014730 333.459808350 -2.97 -6.21 69.07 1 1 1 8:5:46.063
DSC01362.JPG 52.197213139 21.275704593 329.433410645 -1.69 -6.59 74.03 1 1 1 8:5:48.463
DSC01363.JPG 52.197257595 21.276416310 326.110107422 1.32 -6.13 64.28 1 1 1 8:5:50.862
DSC01364.JPG 52.197313516 21.277147602 326.967712402 0.64 -9.81 71.44 1 1 1 8:5:53.302
DSC01365.JPG 52.197344474 21.277856643 326.247009277 15.09 -9.82 77.2 1 1 1 8:5:55.663
DSC01366.JPG 52.197390427 21.278567668 325.563507080 -2 -5.38 65.98 1 1 1 8:5:58.062
DSC01367.JPG 52.197438099 21.279300171 324.165191650 1.4 -9.51 58.43 1 1 1 8:6:0.462
DSC01368.JPG 52.197470901 21.279968469 323.994201660 5.21 -5.35 66.31 1 1 1 8:6:2.663
DSC01369.JPG 52.197653263 21.280582462 319.362915039 -4.63 -4.08 64.62 1 1 1 8:6:5.463
DSC01370.JPG 52.197819152 21.279982156 314.329010010 -41.92 -7.35 354.49 1 1 1 8:6:11.442
DSC01371.JPG 52.197810377 21.279281269 318.158691406 2.59 -1.83 253.53 1 1 1 8:6:15.663
DSC01372.JPG 52.197845947 21.278584516 321.089111328 2.38 4.19 289.81 1 1 1 8:6:20.242
DSC01373.JPG 52.197823127 21.277892475 321.242706299 6.49 -0.61 278.04 1 1 1 8:6:24.263
DSC01374.JPG 52.197786506 21.277219878 321.425506592 -3.39 0.84 272.42 1 1 1 8:6:28.063
DSC01375.JPG 52.197735752 21.276521895 319.455596924 -0.94 0.34 274.09 1 1 1 8:6:32.063
DSC01376.JPG 52.197691978 21.275842313 316.047302246 -0.78 1.19 276.46 1 1 1 8:6:35.863
DSC01377.JPG 52.197643528 21.275132255 314.175506592 0.29 6.32 275.95 1 1 1 8:6:39.903
DSC01378.JPG 52.197613670 21.274448574 316.186889648 -0.21 8.92 275.83 1 1 1 8:6:43.663
DSC01379.JPG 52.197591869 21.273740419 318.621002197 0.63 9.25 273.74 1 1 1 8:6:47.442
DSC01380.JPG 52.197547017 21.273037729 319.969696045 -4.32 5.93 271.82 1 1 1 8:6:51.042
DSC01381.JPG 52.197511358 21.272335166 321.772094727 2.64 6.36 271.53 1 1 1 8:6:54.642
DSC01382.JPG 52.197481286 21.271623498 322.729705811 0.04 5.51 272.77 1 1 1 8:6:58.262
DSC01383.JPG 52.197439241 21.270930660 323.345703125 -3.19 5.9 269.81 1 1 1 8:7:1.842
DSC01384.JPG 52.197397075 21.270227272 325.518798828 -1.28 3.47 273.54 1 1 1 8:7:5.443
DSC01385.JPG 52.197368751 21.269530860 328.921203613 3.81 3.46 272.36 1 1 1 8:7:9.243
DSC01386.JPG 52.197337137 21.268833646 326.868499756 0.15 1.8 272.57 1 1 1 8:7:13.642
DSC01387.JPG 52.197651263 21.268369913 326.869995117 1.54 -0.81 271.34 1 1 1 8:7:19.763
DSC01388.JPG 52.198049871 21.268696466 326.326995850 10.82 3.24 0.28 1 1 1 8:7:23.163
DSC01389.JPG 52.198410464 21.268987556 326.372100830 2.18 1.06 357.64 1 1 1 8:7:26.063
DSC01390.JPG 52.198605409 21.268389760 327.167694092 -23.85 2 5.84 1 1 1 8:7:32.643
DSC01391.JPG 52.198461352 21.267747782 324.914611816 -2.67 -2.47 265.04 1 1 1 8:7:36.842
DSC01392.JPG 52.198319139 21.267103009 324.465911865 2.54 0.67 263.2 1 1 1 8:7:40.843
DSC01393.JPG 52.198158853 21.266467342 323.417510986 -0.96 3.05 264.26 1 1 1 8:7:45.043
DSC01394.JPG 52.197994838 21.265808607 323.015594482 0.93 1.22 264.22 1 1 1 8:7:49.243
DSC01395.JPG 52.197824397 21.265185199 323.143188477 0.17 2.79 266.21 1 1 1 8:7:53.243
DSC01396.JPG 52.197659895 21.264554429 321.783294678 1.56 2.22 264.4 1 1 1 8:7:57.263
DSC01397.JPG 52.197495572 21.263901696 323.082305908 2.03 3.5 264.38 1 1 1 8:8:1.463
DSC01398.JPG 52.197337324 21.263255761 321.915405273 2.15 3.24 266.21 1 1 1 8:8:5.463
DSC01399.JPG 52.197179250 21.262596244 321.569702148 -0.89 2.81 264.61 1 1 1 8:8:9.263
DSC01400.JPG 52.197034092 21.261942810 321.201904297 2.3 5.01 262.64 1 1 1 8:8:13.063
DSC01401.JPG 52.197440968 21.261877520 320.423889160 27.85 5.53 266.41 1 1 1 8:8:17.763
DSC01402.JPG 52.197535865 21.262562200 323.167999268 45.04 5.97 48.39 1 1 1 8:8:20.183
DSC01403.JPG 52.197590896 21.263276419 325.998687744 -8.68 5.89 72.22 1 1 1 8:8:22.783
DSC01404.JPG 52.197552667 21.263941091 326.095092773 18.57 1.52 77.66 1 1 1 8:8:25.063
DSC01405.JPG 52.197548620 21.264636583 325.162811279 -7.9 1.69 82.39 1 1 1 8:8:27.463
DSC01406.JPG 52.197586804 21.265340058 323.605804443 -5.02 0.94 69.18 1 1 1 8:8:29.863
DSC01407.JPG 52.197621239 21.266060971 322.845703125 3.06 3.33 69.75 1 1 1 8:8:32.263
DSC01408.JPG 52.197659980 21.266778927 322.187591553 -0.01 3.54 67.86 1 1 1 8:8:34.663
DSC01409.JPG 52.197700468 21.267510913 321.742309570 0.66 3.9 67.87 1 1 1 8:8:37.063
DSC01410.JPG 52.197737366 21.268187164 322.403411865 0.92 4.87 71.93 1 1 1 8:8:39.263
DSC01411.JPG 52.197782859 21.268911788 322.513305664 -0.12 5.22 67.68 1 1 1 8:8:41.663
DSC01412.JPG 52.197815994 21.269639703 322.592712402 2.43 3.28 67.64 1 1 1 8:8:44.063
DSC01413.JPG 52.197839975 21.270319588 322.008911133 4.11 3.53 71.51 1 1 1 8:8:46.263
DSC01414.JPG 52.197881159 21.271006984 321.693206787 -2.16 2.89 65.65 1 1 1 8:8:48.463
DSC01415.JPG 52.197924442 21.271680088 321.882415771 -0.46 4.19 70.14 1 1 1 8:8:50.663
DSC01416.JPG 52.197962053 21.272406657 322.394989014 0.48 5.93 70.8 1 1 1 8:8:53.063
DSC01417.JPG 52.197995795 21.273086831 325.615600586 3.03 2.59 77.37 1 1 1 8:8:55.263
DSC01418.JPG 52.198022708 21.273788070 329.074096680 3.55 3.03 75.42 1 1 1 8:8:57.663
DSC01419.JPG 52.198053971 21.274510850 329.220397949 -1.66 -2.4 79.16 1 1 1 8:9:0.263
DSC01420.JPG 52.198101902 21.275224941 327.892486572 -0.58 -5.11 73.33 1 1 1 8:9:2.863
DSC01421.JPG 52.198145193 21.275901662 323.768005371 -0.4 -4.61 68.37 1 1 1 8:9:5.263
DSC01422.JPG 52.198194755 21.276604919 320.222808838 -0.13 -2.03 72.98 1 1 1 8:9:7.663
DSC01423.JPG 52.198227933 21.277298627 320.377197266 3 1.56 72.43 1 1 1 8:9:10.063
DSC01424.JPG 52.198269364 21.278014640 320.410186768 -1.99 2.77 67.23 1 1 1 8:9:12.663
DSC01425.JPG 52.198310674 21.278737510 318.932006836 0.51 2.33 64.94 1 1 1 8:9:15.263
DSC01426.JPG 52.198343834 21.279415137 317.637390137 -0.08 2.33 65.57 1 1 1 8:9:17.663
DSC01427.JPG 52.198393415 21.280134991 317.184387207 -0.28 4.22 65.37 1 1 1 8:9:20.263
DSC01428.JPG 52.198656677 21.279625195 323.201995850 -42.84 1.89 44.2 1 1 1 8:9:28.243
DSC01429.JPG 52.198752774 21.278945023 326.453002930 5.87 1.35 278.4 1 1 1 8:9:32.643
DSC01430.JPG 52.198724278 21.278236352 321.328186035 -9.98 2.73 286.28 1 1 1 8:9:37.043
DSC01431.JPG 52.198686352 21.277549742 321.378814697 0.28 3.52 274.92 1 1 1 8:9:40.843
DSC01432.JPG 52.198637571 21.276843676 318.191802979 -5.24 5.6 276.49 1 1 1 8:9:44.643
DSC01433.JPG 52.198619217 21.276146492 320.139892578 0.6 4.17 278.24 1 1 1 8:9:48.043
DSC01434.JPG 52.198583734 21.275457259 324.755889893 -0.13 3.78 278.13 1 1 1 8:9:51.443
DSC01435.JPG 52.198550825 21.274781852 325.958801270 3.66 2.66 271.98 1 1 1 8:9:54.843
DSC01436.JPG 52.198501480 21.274093589 326.914794922 -0.04 1.33 268.76 1 1 1 8:9:58.443
DSC01437.JPG 52.198472464 21.273394916 327.617889404 0.17 -3.91 269.36 1 1 1 8:10:2.243
DSC01438.JPG 52.198445539 21.272710214 327.803894043 0.56 -4.48 279.44 1 1 1 8:10:5.843
DSC01439.JPG 52.198411989 21.272038818 327.808990479 3.61 -2.99 266.86 1 1 1 8:10:9.443
DSC01440.JPG 52.198369318 21.271348657 317.772888184 -1.86 -2.89 279.34 1 1 1 8:10:13.443
DSC01441.JPG 52.198307105 21.270662491 313.724914551 -2.22 2.21 280.84 1 1 1 8:10:17.443
DSC01442.JPG 52.198268224 21.269959494 315.548706055 2.25 4.37 278.67 1 1 1 8:10:21.643
DSC01443.JPG 52.198232839 21.269266718 316.658203125 -1.51 5.24 275.22 1 1 1 8:10:25.643
DSC01444.JPG 52.198197531 21.268559956 320.010498047 -0.76 7.13 274.89 1 1 1 8:10:29.643
DSC01445.JPG 52.198180103 21.267884615 324.182891846 1.22 5.2 276.98 1 1 1 8:10:33.443
DSC01446.JPG 52.198142348 21.267201013 324.615692139 -1.52 4.15 274.71 1 1 1 8:10:37.443
DSC01447.JPG 52.198100240 21.266521687 323.077514648 -0.99 1 272.02 1 1 1 8:10:41.243
DSC01448.JPG 52.198058266 21.265845061 320.403594971 3.05 2.05 275.87 1 1 1 8:10:45.043
DSC01449.JPG 52.198018380 21.265176217 321.162689209 4.37 5.76 274.88 1 1 1 8:10:49.043
DSC01450.JPG 52.198004601 21.264469950 322.846099854 -0.17 4.48 273.17 1 1 1 8:10:53.443
DSC01451.JPG 52.197957147 21.263795653 324.856994629 -1.36 2.5 273.24 1 1 1 8:10:57.443
DSC01452.JPG 52.197891971 21.263114684 326.050201416 1.82 1.38 268.67 1 1 1 8:11:1.443
DSC01453.JPG 52.197881551 21.262429303 326.460601807 7.18 2.22 270.37 1 1 1 8:11:5.243
DSC01454.JPG 52.197838347 21.261740962 325.479095459 -2.44 -0.51 266.9 1 1 1 8:11:9.043
DSC01455.JPG 52.198268763 21.261779328 323.157409668 32.16 0.88 276.38 1 1 1 8:11:13.363
DSC01456.JPG 52.198393851 21.262462729 324.191497803 21.81 0.99 61.58 1 1 1 8:11:16.183
DSC01457.JPG 52.198474498 21.263125297 321.804504395 -3.63 -0.6 57.24 1 1 1 8:11:18.783
DSC01458.JPG 52.198432160 21.263815230 319.279815674 19.16 2.14 79.58 1 1 1 8:11:21.184
DSC01459.JPG 52.198448445 21.264508534 318.090698242 -8.21 3.93 74.22 1 1 1 8:11:23.583
DSC01460.JPG 52.198485206 21.265209066 318.375091553 -2.67 5.14 65.01 1 1 1 8:11:25.983
DSC01461.JPG 52.198517635 21.265918126 319.175109863 0.12 5.52 67.95 1 1 1 8:11:28.383
DSC01462.JPG 52.198561412 21.266617848 319.990295410 -2.43 5.78 67.91 1 1 1 8:11:30.783
DSC01463.JPG 52.198579608 21.267323419 319.989105225 8.13 4.36 71.95 1 1 1 8:11:33.183
DSC01464.JPG 52.198622056 21.268029117 319.625000000 -5.13 3.93 69.11 1 1 1 8:11:35.583
DSC01465.JPG 52.198669159 21.268743575 320.091186523 -0.68 4.45 67.88 1 1 1 8:11:37.983
DSC01466.JPG 52.198709051 21.269460985 320.382415771 3.35 6.48 68.62 1 1 1 8:11:40.383
DSC01467.JPG 52.198740098 21.270192110 322.121307373 1.48 4.99 74.04 1 1 1 8:11:42.783
DSC01468.JPG 52.198783923 21.270901782 325.471099854 -3.77 4.11 77.21 1 1 1 8:11:45.183
DSC01469.JPG 52.198822197 21.271584911 329.279388428 2.29 2.84 71.72 1 1 1 8:11:47.583
DSC01470.JPG 52.198841215 21.272286435 329.749694824 6.58 1.48 77.37 1 1 1 8:11:50.183
DSC01471.JPG 52.198887405 21.273018965 325.872192383 -4.56 -5.91 72.83 1 1 1 8:11:52.783
DSC01472.JPG 52.198935891 21.273741261 323.848693848 3.18 -2.44 70.95 1 1 1 8:11:55.183
DSC01473.JPG 52.198964096 21.274464711 322.550811768 3.49 0.7 73.61 1 1 1 8:11:57.583
DSC01474.JPG 52.199008982 21.275169608 318.852203369 -2.22 2.71 77.82 1 1 1 8:11:59.983
DSC01475.JPG 52.199061939 21.275861815 316.203613281 -0.97 3.34 62.93 1 1 1 8:12:2.383
DSC01476.JPG 52.199097431 21.276574601 315.240386963 3.45 5.4 65.74 1 1 1 8:12:4.783
DSC01477.JPG 52.199137710 21.277294073 315.714294434 -1.17 8.2 64.53 1 1 1 8:12:7.183
DSC01478.JPG 52.199176379 21.278023323 316.933807373 0.52 9.2 67.76 1 1 1 8:12:9.583
DSC01479.JPG 52.199213984 21.278737778 318.939392090 0.22 9.28 70.53 1 1 1 8:12:11.983
DSC01480.JPG 52.199245355 21.279457353 319.930908203 0.88 7.44 73.2 1 1 1 8:12:14.383
DSC01481.JPG 52.199313828 21.280162405 321.380615234 -4.12 6.33 72.02 1 1 1 8:12:16.783
DSC01482.JPG 52.199564552 21.279594562 323.257415771 -44.79 2.65 47.3 1 1 1 8:12:25.564
DSC01483.JPG 52.199658845 21.278904610 321.826110840 14.55 5.09 274.58 1 1 1 8:12:29.963
DSC01484.JPG 52.199645112 21.278194516 322.446594238 -8.39 6.25 291.26 1 1 1 8:12:34.183
DSC01485.JPG 52.199587991 21.277529522 322.437713623 -1.6 4.36 270.93 1 1 1 8:12:37.983
DSC01486.JPG 52.199559172 21.276846199 324.268310547 2.47 7.09 278.06 1 1 1 8:12:42.363
DSC01487.JPG 52.199517526 21.276149756 323.602996826 1.36 2.83 274.55 1 1 1 8:12:46.763
DSC01488.JPG 52.199465707 21.275459098 322.743713379 -4.17 3.82 268.19 1 1 1 8:12:51.563
DSC01489.JPG 52.199452918 21.274757287 322.388793945 0.67 3.49 271.01 1 1 1 8:12:56.164
DSC01490.JPG 52.199404065 21.274041949 322.111694336 -3.26 3.74 270.14 1 1 1 8:13:0.183
DSC01491.JPG 52.199376724 21.273359237 324.898712158 1.52 4.96 265.44 1 1 1 8:13:3.983
DSC01492.JPG 52.199331065 21.272650687 320.800109863 -2.78 3.35 269.09 1 1 1 8:13:7.984
DSC01493.JPG 52.199287633 21.271980228 319.160186768 0.41 4.88 270.45 1 1 1 8:13:11.563
DSC01494.JPG 52.199254542 21.271291651 320.566192627 4.29 4.28 272.48 1 1 1 8:13:15.364
DSC01495.JPG 52.199206148 21.270591854 321.502990723 2.68 5.77 271.29 1 1 1 8:13:19.364
DSC01496.JPG 52.199178854 21.269885239 323.234008789 2.57 4.32 274.52 1 1 1 8:13:23.384
DSC01497.JPG 52.199138670 21.269189294 323.349609375 -3.35 5.03 275.57 1 1 1 8:13:27.584
DSC01498.JPG 52.199106995 21.268503804 322.627716064 -1.13 5.74 276.88 1 1 1 8:13:31.583
DSC01499.JPG 52.199081885 21.267815826 324.199615479 2.26 4.96 281.47 1 1 1 8:13:35.783
DSC01500.JPG 52.199036054 21.267126238 325.776397705 -4.36 1.55 274.2 1 1 1 8:13:39.783
DSC01501.JPG 52.199004310 21.266455140 326.331695557 -0.65 -0.09 286.42 1 1 1 8:13:43.764
DSC01502.JPG 52.198991153 21.265750634 328.508911133 4.73 -0.16 284.82 1 1 1 8:13:47.963
DSC01503.JPG 52.198931818 21.265070875 326.807098389 -8.2 -1.69 272.37 1 1 1 8:13:51.983
DSC01504.JPG 52.198897193 21.264368028 322.865997314 1.22 -4.52 283.68 1 1 1 8:13:55.783
DSC01505.JPG 52.198858226 21.263686885 323.774902344 -6.5 -4.28 279.3 1 1 1 8:13:59.583
DSC01506.JPG 52.198820991 21.262985637 319.649902344 0.11 -2.62 282.28 1 1 1 8:14:3.584
DSC01507.JPG 52.198769084 21.262290574 318.375091553 -0.26 0.85 280.27 1 1 1 8:14:7.584
DSC01508.JPG 52.198721232 21.261615864 319.695007324 -0.08 3.56 281.45 1 1 1 8:14:11.583
DSC01509.JPG 52.199138987 21.261469844 320.012115479 2.8 2.57 279.95 1 1 1 8:14:18.843
DSC01510.JPG 52.199311879 21.262087963 321.415588379 9.29 6.26 35.88 1 1 1 8:14:21.784
DSC01511.JPG 52.199314655 21.262809068 322.025207520 25.06 3.33 56.29 1 1 1 8:14:24.384
DSC01512.JPG 52.199291736 21.263487302 322.696411133 -0.49 3.96 78.24 1 1 1 8:14:26.784
DSC01513.JPG 52.199322814 21.264197825 322.741607666 -6.68 3.13 68.74 1 1 1 8:14:29.384
DSC01514.JPG 52.199368761 21.264904833 323.200103760 -0.33 2.89 62.54 1 1 1 8:14:31.984
DSC01515.JPG 52.199396087 21.265600897 323.483306885 1.74 3.92 66.69 1 1 1 8:14:34.584
DSC01516.JPG 52.199435532 21.266291827 323.138305664 -1.64 2.44 68.55 1 1 1 8:14:37.184
DSC01517.JPG 52.199477616 21.266996809 323.375305176 0 2 61.26 1 1 1 8:14:39.784
DSC01518.JPG 52.199508770 21.267690000 323.726287842 0.51 3.29 64.35 1 1 1 8:14:42.384
DSC01519.JPG 52.199546817 21.268378965 323.415405273 -0.17 2.61 61.77 1 1 1 8:14:44.984
DSC01520.JPG 52.199578252 21.269071299 324.426910400 1 1.29 67.25 1 1 1 8:14:47.584
DSC01521.JPG 52.199646454 21.269789817 324.126098633 -5.26 3.73 62.78 1 1 1 8:14:50.384
DSC01522.JPG 52.199691416 21.270520384 323.182495117 5.73 0.66 56.83 1 1 1 8:14:52.984
DSC01523.JPG 52.199708269 21.271233361 323.806213379 0.7 -0.57 65.61 1 1 1 8:14:55.384
DSC01524.JPG 52.199726201 21.271929852 322.822387695 -6.13 0.08 66.29 1 1 1 8:14:57.784
DSC01525.JPG 52.199771624 21.272600986 320.567108154 -6.7 1.14 68.02 1 1 1 8:15:0.184
DSC01526.JPG 52.199814558 21.273331293 318.445190430 -0.03 4.12 64.47 1 1 1 8:15:2.784
DSC01527.JPG 52.199856586 21.274025414 317.150695801 -1.63 5.12 67.01 1 1 1 8:15:5.184
DSC01528.JPG 52.199897209 21.274732269 315.939697266 3.31 7.56 63.28 1 1 1 8:15:7.584
DSC01529.JPG 52.199944641 21.275455184 316.327087402 1.68 8.12 63.65 1 1 1 8:15:9.984
DSC01530.JPG 52.199974617 21.276125583 318.393798828 4.48 9.21 61.51 1 1 1 8:15:12.184
DSC01531.JPG 52.200007793 21.276858215 319.287597656 -0.79 9.98 64.82 1 1 1 8:15:14.584
DSC01532.JPG 52.200043509 21.277539531 321.138916016 0.77 7.82 66.54 1 1 1 8:15:16.784
DSC01533.JPG 52.200078330 21.278251787 324.861602783 3.82 8.74 74.51 1 1 1 8:15:19.184
DSC01534.JPG 52.200128847 21.278949521 328.694000244 -0.17 4.08 64.38 1 1 1 8:15:21.584
DSC01535.JPG 52.200163672 21.279642864 330.153991699 4.13 0.16 67.63 1 1 1 8:15:23.984
DSC01536.JPG 52.200282504 21.280287971 330.104003906 4.74 -1.92 69.47 1 1 1 8:15:26.584
DSC01537.JPG 52.200404529 21.279621236 328.141204834 -43.84 -3.14 14.82 1 1 1 8:15:33.364
DSC01538.JPG 52.200220334 21.279005279 326.020507813 -1.03 -2.23 249.2 1 1 1 8:15:36.984
DSC01539.JPG 52.200268186 21.278298415 324.969207764 19.83 -0.62 279.22 1 1 1 8:15:41.184
DSC01540.JPG 52.200227199 21.277627809 326.206115723 -6.77 -4.39 268.59 1 1 1 8:15:44.984
DSC01541.JPG 52.200258412 21.276942010 322.603607178 5.15 -1.79 278.46 1 1 1 8:15:49.564
DSC01542.JPG 52.200262227 21.276249995 319.298614502 -2.14 -2.48 279.78 1 1 1 8:15:54.164
DSC01543.JPG 52.200281817 21.275551432 317.594512939 -0.62 1.47 279.4 1 1 1 8:15:58.764
DSC01544.JPG 52.200300120 21.274875755 318.062896729 -3.24 3.6 281.57 1 1 1 8:16:3.164
DSC01545.JPG 52.200314152 21.274192076 319.533813477 0.56 3.71 291.42 1 1 1 8:16:7.564
DSC01546.JPG 52.200286738 21.273482897 317.879089355 -0.65 3.27 280.45 1 1 1 8:16:11.784
DSC01547.JPG 52.200232142 21.272806520 318.807891846 -0.92 6.8 275.89 1 1 1 8:16:15.784
DSC01548.JPG 52.200194402 21.272124779 317.754791260 2.36 6.76 274.5 1 1 1 8:16:19.764
DSC01549.JPG 52.200161704 21.271444428 320.177490234 0.6 7.7 280.55 1 1 1 8:16:23.564
DSC01550.JPG 52.200128879 21.270743509 321.970092773 -0.72 8.06 277.62 1 1 1 8:16:27.364
DSC01551.JPG 52.200098156 21.270053341 323.966796875 -1.47 6.73 280.86 1 1 1 8:16:31.164
DSC01552.JPG 52.200063917 21.269376606 323.501495361 0.11 5.08 278.46 1 1 1 8:16:34.964
DSC01553.JPG 52.200032172 21.268699270 323.697998047 -0.53 5.09 282.55 1 1 1 8:16:38.764
DSC01554.JPG 52.199992517 21.267998455 323.265991211 1.08 4.32 280.76 1 1 1 8:16:42.764
DSC01555.JPG 52.199954568 21.267301416 322.052307129 -0.19 4.66 280.18 1 1 1 8:16:46.764
DSC01556.JPG 52.199901114 21.266618427 322.199401855 -2.34 6.05 279.49 1 1 1 8:16:50.564
DSC01557.JPG 52.199889869 21.265903236 322.423309326 2.32 5.55 282.2 1 1 1 8:16:54.364
DSC01558.JPG 52.199850115 21.265224021 322.634216309 0.01 6.12 282.51 1 1 1 8:16:57.784
DSC01559.JPG 52.199793826 21.264545887 322.706695557 1.97 7.03 272.68 1 1 1 8:17:1.184
DSC01560.JPG 52.199765770 21.263841013 322.709808350 1.68 4.59 275.34 1 1 1 8:17:4.784
DSC01561.JPG 52.199741093 21.263147185 325.978912354 0.16 4.68 276.53 1 1 1 8:17:8.384
DSC01562.JPG 52.199702028 21.262464449 328.311004639 -1.47 2.95 277.72 1 1 1 8:17:11.984
DSC01563.JPG 52.199662505 21.261778844 327.473114014 -3.12 -1 277.91 1 1 1 8:17:15.784
DSC01564.JPG 52.199627192 21.261071918 326.767486572 5.63 -2.04 275.21 1 1 1 8:17:19.584
DSC01565.JPG 52.199859076 21.260505593 323.280609131 1 -1.23 269.12 1 1 1 8:17:24.164
DSC01566.JPG 52.200089307 21.261102061 325.777801514 45.31 -0.38 9.62 1 1 1 8:17:26.984
DSC01567.JPG 52.200022218 21.261772476 326.540802002 34.91 1.3 83.52 1 1 1 8:17:29.384
DSC01568.JPG 52.200017222 21.262453546 325.676788330 -9.41 -1.16 88.85 1 1 1 8:17:31.984
DSC01569.JPG 52.200150346 21.263128791 323.579986572 -10.76 -1.41 57.4 1 1 1 8:17:34.784
DSC01570.JPG 52.200252797 21.263789113 322.760101318 9.12 1.43 52.79 1 1 1 8:17:37.384
DSC01571.JPG 52.200264103 21.264512627 321.055206299 13.34 0.46 66.26 1 1 1 8:17:39.984
DSC01572.JPG 52.200276079 21.265199493 321.793609619 -1.11 3 73.02 1 1 1 8:17:42.584
DSC01573.JPG 52.200315768 21.265889843 321.507995605 -5.02 1.49 60.39 1 1 1 8:17:45.384
DSC01574.JPG 52.200346002 21.266601712 320.670806885 2.75 0 59.91 1 1 1 8:17:48.184
DSC01575.JPG 52.200388632 21.267309166 320.768615723 -2.02 2.43 60.94 1 1 1 8:17:50.984
DSC01576.JPG 52.200433671 21.268032207 319.547393799 2.31 1.88 61.83 1 1 1 8:17:53.784
DSC01577.JPG 52.200483918 21.268746609 320.041412354 -0.12 4.28 63.21 1 1 1 8:17:56.584
DSC01578.JPG 52.200514115 21.269422792 320.295410156 3.66 5.51 63.01 1 1 1 8:17:59.184
DSC01579.JPG 52.200537528 21.270117533 320.376098633 0.77 3.64 66.81 1 1 1 8:18:1.784
DSC01580.JPG 52.200580079 21.270808800 320.745910645 -3.79 4.16 63.41 1 1 1 8:18:4.384
DSC01581.JPG 52.200623213 21.271507789 321.131195068 -0.31 3.8 60.49 1 1 1 8:18:6.984
DSC01582.JPG 52.200652418 21.272231877 319.971405029 0.64 5.04 61.49 1 1 1 8:18:9.585
DSC01583.JPG 52.200699185 21.272902027 322.562713623 -1.72 3.64 61.18 1 1 1 8:18:11.984
DSC01584.JPG 52.200734661 21.273621124 324.541992188 3.1 4.85 61.12 1 1 1 8:18:14.584
DSC01585.JPG 52.200783814 21.274318475 322.153198242 -2.25 3.24 71.02 1 1 1 8:18:17.184
DSC01586.JPG 52.200950464 21.273627875 322.441406250 -42.41 -0.12 40.18 1 1 1 8:18:24.764
DSC01587.JPG 52.201005994 21.272964704 326.022796631 14.91 4.55 276.87 1 1 1 8:18:28.364
DSC01588.JPG 52.201094728 21.272287048 326.652008057 6.41 2.04 294.94 1 1 1 8:18:32.364
DSC01589.JPG 52.201103623 21.271593309 321.894195557 4.48 0.15 289.74 1 1 1 8:18:36.124
DSC01590.JPG 52.201040855 21.270924706 318.962707520 -1.4 4.04 271.45 1 1 1 8:18:39.964
DSC01591.JPG 52.200995484 21.270244469 320.225402832 2.01 1.82 274.39 1 1 1 8:18:43.764
DSC01592.JPG 52.200968377 21.269544014 323.142089844 0.31 3.33 276.56 1 1 1 8:18:47.724
DSC01593.JPG 52.200914369 21.268845561 324.290191650 -1.92 2.41 280.12 1 1 1 8:18:51.564
DSC01594.JPG 52.200891710 21.268161198 324.671203613 1.19 2.9 273.5 1 1 1 8:18:55.324
DSC01595.JPG 52.200863097 21.267483566 324.332000732 -1.51 0.57 281.18 1 1 1 8:18:58.924
DSC01596.JPG 52.200827495 21.266807923 325.109710693 -2.34 0.69 270.31 1 1 1 8:19:2.324
DSC01597.JPG 52.200783434 21.266109677 328.973907471 -0.62 0.68 268.43 1 1 1 8:19:5.924
DSC01598.JPG 52.200740430 21.265433733 325.177093506 0.95 -0.84 267.08 1 1 1 8:19:9.784
DSC01599.JPG 52.200703399 21.264760207 321.304687500 -2.16 -2.07 271.41 1 1 1 8:19:13.784
DSC01600.JPG 52.200666912 21.264073197 319.504486084 2.75 1.1 270.11 1 1 1 8:19:17.584
DSC01601.JPG 52.201100148 21.263971424 319.338104248 20.38 4.45 270.72 1 1 1 8:19:22.524
DSC01602.JPG 52.201102478 21.264648184 322.884887695 43.91 4.03 53.69 1 1 1 8:19:24.864
DSC01603.JPG 52.201064939 21.265339108 325.414886475 -8.89 8.87 85.91 1 1 1 8:19:27.464
DSC01604.JPG 52.201165116 21.266035585 327.023895264 -13.81 -0.43 67.51 1 1 1 8:19:30.384
DSC01605.JPG 52.201301097 21.266716744 329.215087891 -1.55 -3.13 48.97 1 1 1 8:19:33.184
DSC01606.JPG 52.201355572 21.267428926 329.588409424 11.38 -2.83 56.07 1 1 1 8:19:35.784
DSC01607.JPG 52.201347331 21.268114814 325.906707764 6.57 -3.18 80.39 1 1 1 8:19:38.184
DSC01608.JPG 52.201367937 21.268828971 321.869995117 -1.41 -4.24 75.14 1 1 1 8:19:40.584
DSC01609.JPG 52.201415384 21.269526373 320.162292480 -2.11 -0.86 66.36 1 1 1 8:19:42.984
DSC01610.JPG 52.201456180 21.270217335 319.516387939 -0.46 0 62.72 1 1 1 8:19:45.384
DSC01611.JPG 52.201487248 21.270908028 317.679199219 1.2 2.1 66.51 1 1 1 8:19:47.784
DSC01612.JPG 52.201533818 21.271594751 315.754394531 -0.03 4 63.52 1 1 1 8:19:50.184
DSC01613.JPG 52.201573689 21.272263983 317.454498291 3.06 4.41 65.74 1 1 1 8:19:52.584
DSC01614.JPG 52.201747119 21.271609859 319.836303711 -28.07 6.43 63.22 1 1 1 8:20:1.724
DSC01615.JPG 52.201814934 21.270911765 319.218505859 12.88 5.33 278.86 1 1 1 8:20:5.724
DSC01616.JPG 52.201887790 21.270228283 320.014190674 -2.27 6.94 289.04 1 1 1 8:20:9.724
DSC01617.JPG 52.201888891 21.269535260 320.630615234 -2.36 6.33 288.02 1 1 1 8:20:13.524
DSC01618.JPG 52.201835676 21.268847584 322.014312744 0.08 5.79 273.14 1 1 1 8:20:17.324
DSC01619.JPG 52.201794949 21.268142462 320.987609863 1.4 5.75 277.66 1 1 1 8:20:21.324
DSC01620.JPG 52.201763658 21.267445041 325.162200928 -2.57 4.84 277.3 1 1 1 8:20:25.124
DSC01621.JPG 52.202145555 21.267140673 329.644287109 -2.65 3.02 271.78 1 1 1 8:20:30.524
DSC01622.JPG 52.202273091 21.267849812 325.234405518 39.2 2.71 40.05 1 1 1 8:20:33.384
DSC01623.JPG 52.202363403 21.268540047 321.596313477 -3.49 1.82 64.05 1 1 1 8:20:35.984
DSC01624.JPG 52.202352736 21.269248486 320.309204102 18.87 3.74 67.13 1 1 1 8:20:38.384
DSC01625.JPG 52.202334861 21.269951369 320.676696777 -4.63 5.65 80.96 1 1 1 8:20:40.784
DSC01626.JPG 52.202357472 21.270634336 320.330200195 -4.91 7.08 77.02 1 1 1 8:20:43.184
